<<<<<<< 74036a8173aa4c735af1fb1200238eed9a732355
<<<<<<< c38db97bbe409154ed37babf9fa9d673b735a944
<<<<<<< 8970d8b16e64bca58b30ceab5641938961187987
<<<<<<< f892bb6bb18bcb075cab2da206008f4e1afbc08c
0,1,0,1,0,0,1,1,2,3,4,5,5,5,5,5,5,5,5,5,5,5,5,6,6,6,6,6,6,6,7,7,7,7,7,8,8,8,8,8,8,8,9,9,10,11,12,12,12,12,12,12,12,12,12,13,13,13,13,13,13,13,14,14,14,14,14,14,14,14,14,14,14,15,15,15,16,15,16,16,16,16,16,16,16,18,18,18,18,18,19,19,20,20,20,21,22,22,23,23,23,24,24,25,25,25,26,27,28,29,30,30,30,31,33,33,23,23
=======
0,1,0,1,0,0,1,1,2,3,4,5,5,5,5,5,5,5,5,5,5,5,5,6,6,6,6,6,6,6,7,7,7,7,7,8,8,8,8,8,8,8,9,9,10,11,12,12,12,12,12,12,12,12,12,13,13,13,13,13,13,13,14,14,14,14,14,14,14,14,14,14,14,15,15,15,16,15,16,16,16,16,16,16,16,18,18,18,18,18,19,19,20,20,20,21,22,22,23,23,23,24,24,25,25,25,26,27,28,29,30,30,30,31,33,33,23,23,24,24,25,25,25,26,26,27,27,27,27,31,31,31,31,31
>>>>>>> Solution: about_array_assignment
=======
0,1,0,1,0,0,1,1,2,3,4,5,5,5,5,5,5,5,5,5,5,5,5,6,6,6,6,6,6,6,7,7,7,7,7,8,8,8,8,8,8,8,9,9,10,11,12,12,12,12,12,12,12,12,12,13,13,13,13,13,13,13,14,14,14,14,14,14,14,14,14,14,14,15,15,15,16,15,16,16,16,16,16,16,16,18,18,18,18,18,19,19,20,20,20,21,22,22,23,23,23,24,24,25,25,25,26,27,28,29,30,30,30,31,33,33,23,23,24,24,25,25,25,26,26,27,27,27,27,31,31,31,31,31,31,31,33,33,33,33,33,33,33,33,33,33,39,39,39,39,39,40,40,40,41,41,41,41,41,41,42,42,42,42,42,42,42,42,42,42,42,42,42,43
>>>>>>> Solution: about_hashes
=======
0,1,0,1,0,0,1,1,2,3,4,5,5,5,5,5,5,5,5,5,5,5,5,6,6,6,6,6,6,6,7,7,7,7,7,8,8,8,8,8,8,8,9,9,10,11,12,12,12,12,12,12,12,12,12,13,13,13,13,13,13,13,14,14,14,14,14,14,14,14,14,14,14,15,15,15,16,15,16,16,16,16,16,16,16,18,18,18,18,18,19,19,20,20,20,21,22,22,23,23,23,24,24,25,25,25,26,27,28,29,30,30,30,31,33,33,23,23,24,24,25,25,25,26,26,27,27,27,27,31,31,31,31,31,31,31,33,33,33,33,33,33,33,33,33,33,39,39,39,39,39,40,40,40,41,41,41,41,41,41,42,42,42,42,42,42,42,42,42,42,42,42,42,43,44,45,46,47,48,48,49,49,49,49,49,50,50,50,50,50,50,50,50,50,50,50,51,51,51,51,51,51,52,53,54,54,54,54,55,56,56,56,57,57,57,58,59,59,60,59,60,61,62,62,62,63,63,63,64,63,64,65,65,65,65,65,66,66,67,68,69,70
>>>>>>> Solution: about_strings
=======
0,1,0,1,0,0,1,1,2,3,4,5,5,5,5,5,5,5,5,5,5,5,5,6,6,6,6,6,6,6,7,7,7,7,7,8,8,8,8,8,8,8,9,9,10,11,12,12,12,12,12,12,12,12,12,13,13,13,13,13,13,13,14,14,14,14,14,14,14,14,14,14,14,15,15,15,16,15,16,16,16,16,16,16,16,18,18,18,18,18,19,19,20,20,20,21,22,22,23,23,23,24,24,25,25,25,26,27,28,29,30,30,30,31,33,33,23,23,24,24,25,25,25,26,26,27,27,27,27,31,31,31,31,31,31,31,33,33,33,33,33,33,33,33,33,33,39,39,39,39,39,40,40,40,41,41,41,41,41,41,42,42,42,42,42,42,42,42,42,42,42,42,42,43,44,45,46,47,48,48,49,49,49,49,49,50,50,50,50,50,50,50,50,50,50,50,51,51,51,51,51,51,52,53,54,54,54,54,55,56,56,56,57,57,57,58,59,59,60,59,60,61,62,62,62,63,63,63,64,63,64,65,65,65,65,65,66,66,67,68,69,70,72,72,73,74,74,74,74,74,74,75,75,75,75,75,75,75,75,74,76,74,76,75,76,77,78,79,79,80,81,81,83,83,83,83,83,83,83,83,83
>>>>>>> Solution: about_symbols
